{"train": [{"W": [[0.9999338259558069, 0.008907733496057772, 0.007279834705902122], [-0.010638588983250229, 0.9568136992250933, 0.2905070832176698], [-0.004377685898681347, -0.2905653063584087, 0.9568451487085131]], "t": [-0.328302813587539, -1.9259563183694963, 3.958058366879232], "fx": 80.05572930625198, "fy": 80.23354137062051, "cx": 54.0, "cy": 35.0, "width": 108, "height": 70}, {"W": [[0.8634548172747625, 0.22176010890461523, -0.4530653734546702], [-0.08459594092417483, 0.9491202241176163, 0.30333863412048134], [0.49728191733076327, -0.2235917133293158, 0.8382824347594915]], "t": [-0.10142564211483923, -1.8514924472561114, 3.6292908289149386], "fx": 80.05572930625198, "fy": 80.23354137062051, "cx": 54.0, "cy": 35.0, "width": 108, "height": 70}, {"W": [[0.4717126755843023, 0.3995722037411192, -0.786021122928999], [-0.14330885340132277, 0.9143201389939801, 0.37878919726785637], [0.8700285766742936, -0.06603587984947568, 0.488558633474641]], "t": [0.1394705021673166, -1.734902277427305, 3.5656828629614545], "fx": 80.05572930625198, "fy": 80.23354137062051, "cx": 54.0, "cy": 35.0, "width": 108, "height": 70}, {"W": [[-0.07098976612073726, 0.4634058797166173, -0.8832980492167927], [-0.16034399421725798, 0.8687144974784122, 0.4686415745420861], [0.9845050820714839, 0.17490029306692934, 0.012634510695838208]], "t": [0.41163806620653265, -1.6884906863730427, 3.5480802996082117], "fx": 80.05572930625198, "fy": 80.23354137062051, "cx": 54.0, "cy": 35.0, "width": 108, "height": 70}, {"W": [[-0.5989403447145207, 0.38695984767387703, -0.7010938166618368], [-0.12765593023616964, 0.8181660187025496, 0.5606320801701927], [0.7905532410589369, 0.42528395470394736, -0.44063491795655696]], "t": [0.3031162332243946, -1.7245210738314234, 3.8245574242865903], "fx": 80.05572930625198, "fy": 80.23354137062051, "cx": 54.0, "cy": 35.0, "width": 108, "height": 70}, {"W": [[-0.9284014510241654, 0.1898903119954423, -0.3193938245278051], [-0.04844196236621076, 0.7903705215109075, 0.6107109095215892], [0.36840754880747956, 0.5824569581839072, -0.7245824796700617]], "t": [0.2649943838768789, -1.6894178434989842, 3.616995692748185], "fx": 80.05572930625198, "fy": 80.23354137062051, "cx": 54.0, "cy": 35.0, "width": 108, "height": 70}, {"W": [[-0.9897201929091484, -0.062154282245529956, 0.128805220959485], [0.032977963823739985, 0.7771751944796457, 0.6284195819574412], [-0.13916319071478223, 0.6262072837999155, -0.7671362617332165]], "t": [0.2967704183011566, -1.784239382211533, 3.870346395003267], "fx": 80.05572930625198, "fy": 80.23354137062051, "cx": 54.0, "cy": 35.0, "width": 108, "height": 70}, {"W": [[-0.7452338156467189, -0.3080161709976083, 0.5913988488495767], [0.14329083188199304, 0.792220532011522, 0.593173133375027], [-0.6512252279474429, 0.5267947105499002, -0.5462536365292667]], "t": [0.20911679984445808, -1.8674202032851623, 3.8008556139023275], "fx": 80.05572930625198, "fy": 80.23354137062051, "cx": 54.0, "cy": 35.0, "width": 108, "height": 70}, {"W": [[-0.20900966614589667, -0.472608153730289, 0.8561287826520192], [0.2439495429036132, 0.8225890889635181, 0.5136495023216585], [-0.9469971383138911, 0.31620993619084276, -0.05663652778449757]], "t": [-0.07003056729656087, -1.918486538969624, 3.447883599197962], "fx": 80.05572930625198, "fy": 80.23354137062051, "cx": 54.0, "cy": 35.0, "width": 108, "height": 70}, {"W": [[0.47062444548243754, -0.4281935917563872, 0.7714680027668761], [0.20153309360622457, 0.9034032477366845, 0.37847983322802736], [-0.8590093384217967, -0.02264552842340195, 0.5114588317221358]], "t": [-0.33716806184779435, -1.7923065759140655, 3.305002496743639], "fx": 80.05572930625198, "fy": 80.23354137062051, "cx": 54.0, "cy": 35.0, "width": 108, "height": 70}, {"W": [[0.8804804892705898, -0.23824530935743177, 0.409869833707001], [0.09013201100825811, 0.9329086377894911, 0.3486512500040167], [-0.4654356331496658, -0.27003823082470696, 0.8428813826913204]], "t": [-0.42930304620257853, -1.682387599069867, 3.9080230005732757], "fx": 80.05572930625198, "fy": 80.23354137062051, "cx": 54.0, "cy": 35.0, "width": 108, "height": 70}, {"W": [[0.9987405523160202, 0.019423063556835363, -0.046260715099942666], [-0.010032315385694109, 0.9807174559976296, 0.1951733182316155], [0.04915955459005802, -0.19446340556414365, 0.9796771519683933]], "t": [-0.2628653281443544, -1.828672323796838, 4.004126349598178], "fx": 80.05572930625198, "fy": 80.23354137062051, "cx": 54.0, "cy": 35.0, "width": 108, "height": 70}, {"W": [[0.8569539286415662, 0.23057048647051182, -0.46094166111834267], [-0.12816947832679693, 0.9615923665658136, 0.24271939639796977], [0.49920191206687325, -0.1489206880561246, 0.8535924552487962]], "t": [-0.15427096467967927, -1.6626750476996, 3.6681746788401965], "fx": 80.05572930625198, "fy": 80.23354137062051, "cx": 54.0, "cy": 35.0, "width": 108, "height": 70}, {"W": [[0.5324473426557966, 0.39114464753285133, -0.7506701619254507], [-0.22370885466114382, 0.920324601080929, 0.32086909634838356], [0.8163664469127697, -0.0029143355384256553, 0.5775269093327077]], "t": [0.007341417524936222, -1.5790472733062946, 3.3708907932552927], "fx": 80.05572930625198, "fy": 80.23354137062051, "cx": 54.0, "cy": 35.0, "width": 108, "height": 70}, {"W": [[0.059008183599758235, 0.4801017082861796, -0.8752259045349088], [-0.3140690247338871, 0.8411595311966364, 0.4402400376837162], [0.9475646056976602, 0.24890358128750778, 0.20042037134805124]], "t": [0.21084418746552336, -1.7220206891931307, 3.1515505222671565], "fx": 80.05572930625198, "fy": 80.23354137062051, "cx": 54.0, "cy": 35.0, "width": 108, "height": 70}, {"W": [[-0.44089224849684183, 0.41400291459016114, -0.7963765515924308], [-0.31237047574632504, 0.761027147092503, 0.5685616653189525], [0.8414503616360351, 0.4994389533257269, -0.20620868265785686]], "t": [0.23438942604722168, -1.7878905384906045, 3.1639887542550698], "fx": 80.05572930625198, "fy": 80.23354137062051, "cx": 54.0, "cy": 35.0, "width": 108, "height": 70}, {"W": [[-0.7869124738743976, 0.2907429232325245, -0.5442768698475827], [-0.22276813060234535, 0.6887050628532992, 0.6899707938660662], [0.5754503614116621, 0.6641941651282699, -0.4771823472853416]], "t": [0.4282280354071659, -1.8162503148555613, 3.1016480392090555], "fx": 80.05572930625198, "fy": 80.23354137062051, "cx": 54.0, "cy": 35.0, "width": 108, "height": 70}, {"W": [[-0.9866905641784751, 0.0818699218823955, -0.14049571684622147], [-0.05448321732778841, 0.6476195548921491, 0.7600134809007718], [0.15321001791911704, 0.757552788927785, -0.6345395672430199]], "t": [0.460178385073685, -1.877118693268705, 3.2441317957088995], "fx": 80.05572930625198, "fy": 80.23354137062051, "cx": 54.0, "cy": 35.0, "width": 108, "height": 70}, {"W": [[-0.9405494931430018, -0.16397519130526444, 0.29745384109949596], [0.12291425531410327, 0.6520784147621029, 0.7481215321335982], [-0.31663660052025205, 0.7402066452266859, -0.5931571339647139]], "t": [0.4369528351370575, -1.9822488918014836, 3.5685306640375822], "fx": 80.05572930625198, "fy": 80.23354137062051, "cx": 54.0, "cy": 35.0, "width": 108, "height": 70}, {"W": [[-0.5941977354681245, -0.4048912929466995, 0.6949763248201358], [0.27475182198043296, 0.7099030348688479, 0.6484975847313789], [-0.7559368277065125, 0.5762818077815309, -0.3105781552798996]], "t": [0.17454099586063698, -1.9564370891931269, 3.6419800047702604], "fx": 80.05572930625198, "fy": 80.23354137062051, "cx": 54.0, "cy": 35.0, "width": 108, "height": 70}, {"W": [[-0.017654548428292838, -0.47676775905837165, 0.8788519902931617], [0.4340682248324218, 0.7881801946485611, 0.43629893072821807], [-0.9007069962593959, 0.38918438391874716, 0.19303476941515485]], "t": [-0.15710475510792676, -1.947575017590439, 3.0132068264874317], "fx": 80.05572930625198, "fy": 80.23354137062051, "cx": 54.0, "cy": 35.0, "width": 108, "height": 70}, {"W": [[0.6740562053128041, -0.35410679623414715, 0.648272017705601], [0.2910578901324197, 0.9339302480027135, 0.20750806359574142], [-0.6789208618616511, 0.048812587786125336, 0.7325870559890166]], "t": [-0.43514469364606323, -1.8277375611124762, 3.026369972667444], "fx": 80.05572930625198, "fy": 80.23354137062051, "cx": 54.0, "cy": 35.0, "width": 108, "height": 70}, {"W": [[0.9610635936313455, -0.14734705658473096, 0.23376401329593077], [0.11665267912243536, 0.9832322618938651, 0.14016587182560486], [-0.2504973481894811, -0.10743911804780344, 0.9621371599014082]], "t": [-0.4181865612511577, -1.8354796447272275, 3.2934390997015903], "fx": 80.05572930625198, "fy": 80.23354137062051, "cx": 54.0, "cy": 35.0, "width": 108, "height": 70}, {"W": [[0.9971562560225048, 0.028424361269026456, -0.06979582194966145], [-0.015467034480591661, 0.9836173017439599, 0.1796044948054138], [0.07375752110501792, -0.17801421122028316, 0.9812597865418022]], "t": [-0.2325232484613524, -1.3528307817331433, 3.867540500955729], "fx": 80.05572930625198, "fy": 80.23354137062051, "cx": 54.0, "cy": 35.0, "width": 108, "height": 70}, {"W": [[0.813998439752609, 0.2518135710186352, -0.5234467169933926], [-0.18592353049320584, 0.9666878158227703, 0.17591790002368615], [0.5503080781610062, -0.04587583449534646, 0.8337004419574787]], "t": [-0.11267660887295866, -1.4619068356415343, 3.3684301442985563], "fx": 80.05572930625198, "fy": 80.23354137062051, "cx": 54.0, "cy": 35.0, "width": 108, "height": 70}, {"W": [[0.3224005899806416, 0.44009595781454464, -0.8380772085526685], [-0.3777343606836339, 0.871620995417251, 0.31239973288523604], [0.8679715504203239, 0.21585270038417173, 0.44725048842656434]], "t": [0.137555078417523, -1.5541986357352615, 3.06743665711163], "fx": 80.05572930625198, "fy": 80.23354137062051, "cx": 54.0, "cy": 35.0, "width": 108, "height": 70}, {"W": [[-0.24090909889188228, 0.4677447064932524, -0.8503985510445341], [-0.4112324377793619, 0.7444693673218383, 0.5259783676516222], [0.8791192684665404, 0.4764244438176561, 0.01300235147549833]], "t": [0.37523072418480385, -1.6572883106706646, 3.0010442088480813], "fx": 80.05572930625198, "fy": 80.23354137062051, "cx": 54.0, "cy": 35.0, "width": 108, "height": 70}, {"W": [[-0.7540054518054289, 0.31537551863254426, -0.5762066130260439], [-0.2832886862841673, 0.6353057484920037, 0.7184247533015587], [0.5926409527454899, 0.7049289951337431, -0.38968168156669813]], "t": [0.32508737454655234, -1.7259342925703804, 3.078554878019604], "fx": 80.05572930625198, "fy": 80.23354137062051, "cx": 54.0, "cy": 35.0, "width": 108, "height": 70}, {"W": [[-0.9917161597041404, 0.06253911038124955, -0.11219589232406918], [-0.05578771280127294, 0.5770752115265019, 0.8147833646694352], [0.11570129507518456, 0.814292981619248, -0.5688058987067208]], "t": [0.6639914481275448, -1.8215532718530745, 3.2062059668505256], "fx": 80.05572930625198, "fy": 80.23354137062051, "cx": 54.0, "cy": 35.0, "width": 108, "height": 70}, {"W": [[-0.8168277203800356, -0.2846964255845287, 0.5017374019127419], [0.25944439666006835, 0.595524933452088, 0.7602885364640056], [-0.5152485616287041, 0.7511977095920085, -0.41257838145408554]], "t": [0.3186486039745198, -1.9429096436764124, 3.3032272665263536], "fx": 80.05572930625198, "fy": 80.23354137062051, "cx": 54.0, "cy": 35.0, "width": 108, "height": 70}, {"W": [[-0.25401819242542567, -0.4563524685699548, 0.8527702987012555], [0.4489417565857562, 0.7253234396107191, 0.5218785367736168], [-0.856694844802171, 0.5154108384399615, 0.020630329808334236]], "t": [0.0852767322062995, -1.9444308720296832, 3.291106476549657], "fx": 80.05572930625198, "fy": 80.23354137062051, "cx": 54.0, "cy": 35.0, "width": 108, "height": 70}, {"W": [[0.495578525182927, -0.42817575010846154, 0.7556900504813938], [0.4066994519447126, 0.8831666904487991, 0.23369243177643875], [-0.7674617131592857, 0.1915257786846757, 0.6118172888484299]], "t": [-0.2450600405098844, -1.8522582703816708, 3.1156044698654006], "fx": 80.05572930625198, "fy": 80.23354137062051, "cx": 54.0, "cy": 35.0, "width": 108, "height": 70}, {"W": [[0.9177003465922194, -0.21313704649468446, 0.33525911363606964], [0.2017564427263166, 0.977012183225597, 0.06885878046534788], [-0.3422285956534651, 0.004448959459824063, 0.9396061914849124]], "t": [-0.36297528826926356, -1.7820351389364053, 2.9839680123253545], "fx": 80.05572930625198, "fy": 80.23354137062051, "cx": 54.0, "cy": 35.0, "width": 108, "height": 70}, {"W": [[0.9997761654402368, -0.007446740647630086, -0.019803158115389942], [0.0075029553693790425, 0.999968027240336, 0.002765891862640292], [0.019781928074414458, -0.0029138549719653923, 0.9998000723999079]], "t": [-0.385407826686899, -1.470912660702876, 3.4560485016498874], "fx": 80.05572930625198, "fy": 80.23354137062051, "cx": 54.0, "cy": 35.0, "width": 108, "height": 70}, {"W": [[0.829453029120095, 0.23866404815375297, -0.5050219248729324], [-0.23397174062765852, 0.9694338879571638, 0.07385906490012493], [0.5072128715550921, 0.05689823370826429, 0.8599405176695172]], "t": [-0.11972278125451957, -1.3398979936074875, 3.2854420057468325], "fx": 80.05572930625198, "fy": 80.23354137062051, "cx": 54.0, "cy": 35.0, "width": 108, "height": 70}, {"W": [[0.37213872674459436, 0.4123573356770857, -0.8315492744090439], [-0.4018991545859429, 0.8791420192031641, 0.2560983787814515], [0.8366539533164333, 0.23889482578046478, 0.4928888562498698]], "t": [0.11197398828054084, -1.3353269265480072, 3.320913167056733], "fx": 80.05572930625198, "fy": 80.23354137062051, "cx": 54.0, "cy": 35.0, "width": 108, "height": 70}, {"W": [[-0.26003378271962685, 0.45461765695191486, -0.8518833358107633], [-0.41917144739358964, 0.7416237148073788, 0.5237266112441366], [0.8698722489736558, 0.49327178271502103, -0.002284478640727894]], "t": [0.27609667891995215, -1.3893397415783721, 3.417584465283591], "fx": 80.05572930625198, "fy": 80.23354137062051, "cx": 54.0, "cy": 35.0, "width": 108, "height": 70}, {"W": [[-0.7669747617365248, 0.28993117542377456, -0.5724418122190141], [-0.34599643986658646, 0.564446030118165, 0.749457899206814], [0.5404037180283349, 0.7728781227342588, -0.3326007049600461]], "t": [0.4878054618039842, -1.6863469597335992, 3.1788096573621236], "fx": 80.05572930625198, "fy": 80.23354137062051, "cx": 54.0, "cy": 35.0, "width": 108, "height": 70}, {"W": [[-0.9999835585954695, 0.0013416952744605174, -0.005575158520779382], [-0.004057592588649092, 0.5214447047406342, 0.8532754278896922], [0.004051972498162911, 0.8532840205651008, -0.5214306874045014]], "t": [0.367525623917485, -1.8349598495437425, 3.5879404186687154], "fx": 80.05572930625198, "fy": 80.23354137062051, "cx": 54.0, "cy": 35.0, "width": 108, "height": 70}, {"W": [[-0.8156739117304856, -0.2724210673050529, 0.5103555934940499], [0.30709360970776467, 0.5437386608705121, 0.7810517163103845], [-0.49027500915194844, 0.7938104501473371, -0.3598546715521962]], "t": [0.29721873175171876, -1.9829438706744351, 3.5467545338803967], "fx": 80.05572930625198, "fy": 80.23354137062051, "cx": 54.0, "cy": 35.0, "width": 108, "height": 70}, {"W": [[-0.2832491160172095, -0.46514389541621026, 0.8386960682109484], [0.48511973033257616, 0.6848883656065287, 0.5436789253767951], [-0.8273021126030796, 0.5608645854516505, 0.031656456981635106]], "t": [-0.1588232462454391, -1.7927626646215176, 3.3848524282387045], "fx": 80.05572930625198, "fy": 80.23354137062051, "cx": 54.0, "cy": 35.0, "width": 108, "height": 70}, {"W": [[0.5319520336276612, -0.46368142591684847, 0.7085383328932274], [0.483917607184824, 0.8531151753803962, 0.194982683826514], [-0.6948746529957114, 0.2391527394687214, 0.678199958587949]], "t": [-0.388204158582788, -1.6195676108588888, 2.970785507431481], "fx": 80.05572930625198, "fy": 80.23354137062051, "cx": 54.0, "cy": 35.0, "width": 108, "height": 70}, {"W": [[0.9704884730171444, -0.1596847581835143, 0.18070113930112378], [0.1641332702969311, 0.9863890911668104, -0.00984024434393397], [-0.17667029552951488, 0.03920891264733481, 0.9834888244644814]], "t": [-0.34188656396718237, -1.5843767173749608, 3.0831276996107198], "fx": 80.05572930625198, "fy": 80.23354137062051, "cx": 54.0, "cy": 35.0, "width": 108, "height": 70}, {"W": [[0.9262991493975903, 0.15807771773434165, -0.3420253221344913], [-0.19272508467449428, 0.9787829149498429, -0.06957763390269577], [0.32376986821276277, 0.13036656227035504, 0.9371113230984353]], "t": [-0.3204861468616168, -1.3210831358935458, 3.1253147117700126], "fx": 80.05572930625198, "fy": 80.23354137062051, "cx": 54.0, "cy": 35.0, "width": 108, "height": 70}, {"W": [[0.5651390005408534, 0.3311602879845269, -0.755612846456233], [-0.41922924957950214, 0.9041068684745657, 0.082689822070929], [0.7105383496790957, 0.27004376319241225, 0.6497781310541217]], "t": [-0.1241630347072793, -1.2425202769505945, 2.9436866026397093], "fx": 80.05572930625198, "fy": 80.23354137062051, "cx": 54.0, "cy": 35.0, "width": 108, "height": 70}, {"W": [[0.009728260463929495, 0.43526686131875447, -0.900248921346794], [-0.5379500990710688, 0.7611882433113759, 0.36221837219275466], [0.8429205489592558, 0.48076524175761903, 0.24155688866179115]], "t": [0.1922186772742629, -1.2157508472681298, 2.9013730735541907], "fx": 80.05572930625198, "fy": 80.23354137062051, "cx": 54.0, "cy": 35.0, "width": 108, "height": 70}, {"W": [[-0.5152997887815352, 0.3721611634001864, -0.7719858781987694], [-0.4999158191415443, 0.6011243958583694, 0.6234850715742511], [0.6960964742431499, 0.707209678356094, -0.1237100213633715]], "t": [0.4335562910828745, -1.3747933678114141, 3.019750364181083], "fx": 80.05572930625198, "fy": 80.23354137062051, "cx": 54.0, "cy": 35.0, "width": 108, "height": 70}, {"W": [[-0.9195573793044978, 0.15760733147210215, -0.35996410270037593], [-0.26287357292689006, 0.43416285768052154, 0.8616264258176709], [0.2920816851897682, 0.8869399878666686, -0.35780685725650785]], "t": [0.5276678159441983, -1.65442372836843, 3.026448645027002], "fx": 80.05572930625198, "fy": 80.23354137062051, "cx": 54.0, "cy": 35.0, "width": 108, "height": 70}, {"W": [[-0.9421363297115168, -0.2065811460918649, 0.26401395098949654], [0.16538106765954652, 0.3986300127289686, 0.9020771671046169], [-0.29159601968734283, 0.8935425804241642, -0.3413992066063207]], "t": [0.07016987816017384, -1.89447928886094, 3.2538373322285676], "fx": 80.05572930625198, "fy": 80.23354137062051, "cx": 54.0, "cy": 35.0, "width": 108, "height": 70}, {"W": [[-0.5910693678703627, -0.4252644912595267, 0.68541017999378], [0.441141607157549, 0.5409656761612869, 0.7160657928220119], [-0.6753007365609671, 0.7256075038814976, -0.13214637910694993]], "t": [0.01682377891373399, -1.6406255252004898, 3.3484095294916467], "fx": 80.05572930625198, "fy": 80.23354137062051, "cx": 54.0, "cy": 35.0, "width": 108, "height": 70}], "test": [{"W": [[0.980588226011466, 0.07992926296206773, -0.17904760241351073], [-0.025945141854591378, 0.9580056543857287, 0.2855731356047289], [0.19435426576700374, -0.2753842389958299, 0.9414828412089391]], "t": [-0.33941549888781136, -1.9337371871740343, 3.8356418172368407], "fx": 80.05572930625198, "fy": 80.23354137062051, "cx": 54.0, "cy": 35.0, "width": 108, "height": 70}, {"W": [[-0.8766301704359842, -0.2296380305825956, 0.4228308399248138], [0.09328962313062708, 0.7809744169133211, 0.617556480285847], [-0.4720345225696127, 0.5808143722714211, -0.6632028908753582]], "t": [0.2363664952804725, -1.7908370551987765, 3.672813128163324], "fx": 80.05572930625198, "fy": 80.23354137062051, "cx": 54.0, "cy": 35.0, "width": 108, "height": 70}, {"W": [[0.3654984154676224, 0.4332196102912676, -0.8238517327467], [-0.2748316545002844, 0.8958562124491366, 0.34915499180295834], [0.8893134823982453, 0.09880493851710959, 0.44649648839530254]], "t": [0.052246914690321944, -1.6553244817367008, 3.1813647292700105], "fx": 80.05572930625198, "fy": 80.23354137062051, "cx": 54.0, "cy": 35.0, "width": 108, "height": 70}, {"W": [[-0.17215139435758475, -0.4686851087635617, 0.8664283964898821], [0.39914655509567293, 0.7709311872565741, 0.49633369024319324], [-0.9005808819734055, 0.4312764465380153, 0.05435716774764887]], "t": [-0.1904940547701237, -1.9740690683318054, 3.360987528454637], "fx": 80.05572930625198, "fy": 80.23354137062051, "cx": 54.0, "cy": 35.0, "width": 108, "height": 70}, {"W": [[-0.4341182398080272, 0.4301754386864828, -0.7915114944313021], [-0.39816699418478096, 0.6965184885927636, 0.5969296774246604], [0.808086875656224, 0.5742918134531823, -0.1310897188677218]], "t": [0.3743845709966873, -1.739579490012043, 3.044125554964687], "fx": 80.05572930625198, "fy": 80.23354137062051, "cx": 54.0, "cy": 35.0, "width": 108, "height": 70}, {"W": [[0.9994505874117962, -0.0274102741324937, 0.018633308729188638], [0.026064509922366242, 0.997277042537698, 0.06898653310443614], [-0.020473510805980064, -0.06846296297447357, 0.9974435613387022]], "t": [-0.21301378366184787, -1.7347083970941783, 3.2481415421265223], "fx": 80.05572930625198, "fy": 80.23354137062051, "cx": 54.0, "cy": 35.0, "width": 108, "height": 70}, {"W": [[-0.6735869166631365, -0.3385754605799975, 0.6569987238901552], [0.38484168143485403, 0.5982415907363388, 0.7028540953452924], [-0.6310131107438609, 0.7262738165501339, -0.2726697589815543]], "t": [0.10439999488657214, -1.9384281920212172, 3.613503729028926], "fx": 80.05572930625198, "fy": 80.23354137062051, "cx": 54.0, "cy": 35.0, "width": 108, "height": 70}, {"W": [[-0.30493399375757435, 0.40777367734181624, -0.8606601463517342], [-0.5177748274576225, 0.687493527236386, 0.5091776488214128], [0.7993275220473054, 0.6008937327641262, 0.001494798484746096]], "t": [0.4795691076436799, -1.1940243806541146, 2.99700942126693], "fx": 80.05572930625198, "fy": 80.23354137062051, "cx": 54.0, "cy": 35.0, "width": 108, "height": 70}, {"W": [[0.8043895267676795, -0.3563494383070239, 0.4753657192570129], [0.4243948333033962, 0.9045920591339061, -0.040027890492284085], [-0.41574813853083115, 0.23394077107282593, 0.8788772388325917]], "t": [-0.5205799869039074, -1.6050091526205728, 2.8263647905782507], "fx": 80.05572930625198, "fy": 80.23354137062051, "cx": 54.0, "cy": 35.0, "width": 108, "height": 70}, {"W": [[-0.451770782395712, 0.4271942296375689, -0.783203837029627], [-0.5217102372893743, 0.585632630332411, 0.6203650945994678], [0.7236861118475546, 0.6888682838208665, -0.041700108688864646]], "t": [0.33096763561538456, -1.150427373793591, 3.2485094823588416], "fx": 80.05572930625198, "fy": 80.23354137062051, "cx": 54.0, "cy": 35.0, "width": 108, "height": 70}]}